011101000110100001101001011100110010000001101001011100110010000001110000011011000110000101100011
011001010110100001101111011011000110010001100101011100100010000001110100011001010111100001110100
0010000001100010011001010110001101100001011101010111001101100101001000000110100100100000011100100
11001010110000101101100011011000111100100100000011011100110010101100101011001000110010101100100001
000000111001101101111011011010110010101110100011010000110100101101110011001110010000001110100011011
110010000001101100011011110110111101101011001000000110001101101111011011110110110000100000011001
10011011110111001000100000011101000110100001100001011101000010000001100111011011000110100101110100
0110001101101000011110010010000001110100011001010111100001110100001000000110011001100101011001010110
110000100000011101110110100001100101011100100110010100100000011010010111010000100000011001100110010101
1001010110110001110011001000000110110001101001011010110110010100100000011000110110111101100100011001
110000100000011101110110100001100101011100100110010100100000011010010111010000100000011001100110010101
1001010110110001110011001000000110110001101001011010110110010100100000011000110110111101100100011001
110000100000011101110110100001100101011100100110010100100000011010010111010000100000011001100110010101
1001010110110001110011001000000110110001101001011010110110010100100000011000110110111101100100011001
